A,C,D,E,F,G,H,I,K,L,M,N,P,Q,R,S,T,V,W,Y,BinaryClass
0.090322581,0.019354839,0.04516129,0.077419355,0.012903225806451613,0.090322581,0.032258065,0.04516129,0.070967742,0.077419355,0.025806451612903226,0.04516129,0.032258065,0.051612903,0.064516129,0.025806451612903226,0.064516129,0.058064516,0.038709677,0.032258065,0
0.053571429,0.005952381,0.053571429,0.074404762,0.041666666666666664,0.089285714,0.008928571,0.086309524,0.11011904761904762,0.092261905,0.035714286,0.05952381,0.032738095,0.011904761904761904,0.029761905,0.068452381,0.041666666666666664,0.06547619,0.00297619,0.035714286,0
0.096774194,0,0.032258065,0,0.080645161,0.064516129,0,0.080645161,0.016129032258064516,0.1774193548387097,0.032258065,0.016129032258064516,0.032258065,0.048387097,0.016129032258064516,0.064516129,0.016129032258064516,0.1774193548387097,0.032258065,0.016129032258064516,0
0.085635359,0.011049723756906077,0.071823204,0.085635359,0.052486187845303865,0.077348066,0.03038674,0.082872928,0.058011049723756904,0.069060773,0.035911602,0.044198895,0.041436464,0.022099447513812154,0.033149171,0.046961326,0.055248618784530384,0.069060773,0.002762431,0.024861878453038673,0
0.11481481481481481,0.011111111111111112,0.055555556,0.048148148,0.033333333,0.059259259,0.040740740740740744,0.037037037037037035,0.040740740740740744,0.074074074,0.022222222222222223,0.040740740740740744,0.055555556,0.044444444444444446,0.074074074,0.037037037037037035,0.051851852,0.096296296,0.018518518518518517,0.044444444444444446,0
0.10869565217391304,0,0,0,0.043478260869565216,0.065217391,0.021739130434782608,0,0.10869565217391304,0.065217391,0.043478260869565216,0.043478260869565216,0.021739130434782608,0.043478260869565216,0.2391304347826087,0.065217391,0.065217391,0.065217391,0,0,0
0.10818181818181818,0.003636364,0.046363636363636364,0.098181818,0.03,0.032727273,0.013636363636363636,0.038181818181818185,0.089090909,0.050909091,0.035454545454545454,0.017272727272727273,0.10909090909090909,0.069090909,0.062727273,0.054545455,0.063636364,0.049090909,0.011818181818181818,0.016363636363636365,0
0.070422535,0.004694836,0.058685446,0.093896714,0.056338028169014086,0.072769953,0.011737089201877934,0.05399061,0.091549296,0.1056338028169014,0.018779342723004695,0.039906103,0.028169014084507043,0.004694836,0.061032864,0.058685446,0.051643192488262914,0.084507042,0.009389671,0.023474178403755867,0
0.04,0.013333333333333334,0.088888889,0.053333333,0.035555555555555556,0.084444444,0.022222222222222223,0.08,0.066666667,0.088888889,0.04,0.048888889,0.031111111,0.013333333333333334,0.057777777777777775,0.057777777777777775,0.022222222222222223,0.084444444,0.004444444,0.066666667,0
0.1437125748502994,0,0.068862275,0.095808383,0.026946108,0.071856287,0.014970059880239521,0.065868263,0.056886228,0.11077844311377245,0.008982036,0.017964071856287425,0.026946108,0.014970059880239521,0.083832335,0.029940119760479042,0.023952095808383235,0.089820359,0.014970059880239521,0.032934132,0
0.051612903,0.019354839,0.038709677,0.083870968,0.038709677,0.096774194,0.032258065,0.032258065,0.070967742,0.12258064516129032,0.012903225806451613,0.051612903,0.04516129,0.038709677,0.04516129,0.058064516,0.077419355,0.025806451612903226,0.006451613,0.051612903,0
0.038461538461538464,0.009615385,0.028846153846153848,0.086538462,0.067307692,0.067307692,0.048076923,0.10576923076923077,0.10576923076923077,0.086538462,0.038461538461538464,0.057692307692307696,0.038461538461538464,0.048076923,0.009615385,0.048076923,0.028846153846153848,0.067307692,0,0.019230769230769232,0
0.05,0.013333333333333334,0.06,0.083333333,0.033333333,0.071666667,0.011666666666666667,0.083333333,0.096666667,0.10333333333333333,0.015,0.051666666666666666,0.033333333,0.016666666666666666,0.05,0.051666666666666666,0.045,0.078333333,0.005,0.046666667,0
0.10256410256410256,0.087179487,0.035897435897435895,0.082051282,0.025641026,0.061538462,0.025641026,0.020512820512820513,0.061538462,0.076923077,0.015384615384615385,0.025641026,0.097435897,0.015384615384615385,0.056410256,0.030769231,0.041025641025641026,0.092307692,0.005128205,0.041025641025641026,0
0.063063063,0.027027027,0.045045045,0.09009009,0.018018018018018018,0.063063063,0.018018018018018018,0.099099099,0.12612612612612611,0.081081081,0.027027027,0.09009009,0.027027027,0.018018018018018018,0.018018018018018018,0.045045045,0.027027027,0.081081081,0.009009009,0.027027027,0
0.089721254,0.013937282229965157,0.080139373,0.042682926829268296,0.040940766550522645,0.081881533,0.012195121951219513,0.048780488,0.079268293,0.044425087,0.025261324041811847,0.078397213,0.052264808,0.023519163763066203,0.020905923344947737,0.044425087,0.075783972,0.068815331,0.027003484,0.049651568,0
0.051948052,0.021645021645021644,0.062770563,0.063852814,0.055194805,0.033549784,0.022727272727272728,0.069264069,0.067099567,0.096320346,0.015151515151515152,0.053030303,0.050865800865800864,0.046536796536796536,0.048701298701298704,0.10497835497835498,0.051948052,0.049783549783549784,0.004329004,0.030303030303030304,1
0.097938144,0.00257732,0.043814433,0.077319588,0.033505155,0.10824742268041238,0.028350515463917526,0.059278350515463915,0.077319588,0.090206186,0.028350515463917526,0.033505155,0.038659794,0.030927835051546393,0.041237113402061855,0.038659794,0.041237113402061855,0.077319588,0.007731959,0.043814433,0
0.10590277777777778,0,0.055555556,0.052083333333333336,0.032986111,0.109375,0.022569444444444444,0.029513888888888888,0.090277778,0.046875,0.017361111111111112,0.060763889,0.055555556,0.038194444,0.052083333333333336,0.079861111,0.050347222222222224,0.078125,0.013888888888888888,0.008680556,1
0.089655172,0.012807881773399015,0.052216748768472904,0.054187192118226604,0.035467980295566505,0.084729064,0.021674877,0.039408867,0.052216748768472904,0.080788177,0.026600985221674877,0.066995074,0.050246305,0.037438424,0.049261084,0.056157635,0.061083743842364535,0.062068966,0.026600985221674877,0.039408867,0
0.1732283464566929,0,0.047244094488188976,0.047244094488188976,0.015748031496062992,0.086614173,0.039370079,0.047244094488188976,0.05511811,0.070866142,0.007874016,0.039370079,0.015748031496062992,0.023622047244094488,0.12598425196850394,0.039370079,0.039370079,0.11023622047244094,0,0.015748031496062992,0
0.061904762,0,0.066666667,0.071428571,0.038095238,0.042857143,0.023809523809523808,0.066666667,0.11904761904761904,0.11428571428571428,0.023809523809523808,0.052380952,0.023809523809523808,0.019047619,0.033333333,0.047619047619047616,0.052380952,0.076190476,0.004761905,0.061904762,0
0.10574018126888217,0.009063444,0.075528701,0.045317220543806644,0.033232628,0.090634441,0.018126888,0.060422961,0.081570997,0.060422961,0.024169184,0.054380664652567974,0.027190332326283987,0.015105740181268883,0.036253776,0.045317220543806644,0.081570997,0.1027190332326284,0.009063444,0.024169184,0
0.12932604735883424,0.007285974,0.067395264,0.049180328,0.038251366,0.083788707,0.04007286,0.045537341,0.041894353,0.10200364298724955,0.027322404,0.027322404,0.047358834,0.027322404,0.060109289617486336,0.049180328,0.052823315118397086,0.071038251,0.016393443,0.016393443,0
0.064856712,0.016591251885369532,0.064856712,0.060331825,0.042232277526395176,0.088989442,0.034690799,0.049773755656108594,0.057315234,0.073906486,0.024132730015082957,0.046757164,0.066365008,0.022624434,0.049773755656108594,0.067873303,0.055806938,0.054298643,0.013574660633484163,0.045248869,0
0.071216617,0.008902077,0.068249258,0.074183976,0.032640949554896145,0.053412463,0.044510386,0.047477745,0.044510386,0.1394658753709199,0.005934718,0.029673591,0.053412463,0.068249258,0.071216617,0.044510386,0.041543027,0.056379822,0.005934718,0.038575668,0
0.055555556,0.074074074,0.12962962962962962,0.1111111111111111,0.037037037037037035,0.092592593,0,0.074074074,0.092592593,0.037037037037037035,0.018518518518518517,0.018518518518518517,0.092592593,0,0,0.037037037037037035,0.018518518518518517,0.037037037037037035,0.037037037037037035,0.037037037037037035,0
0.064220183,0.009174312,0.060550458715596334,0.080733945,0.023853211009174313,0.049541284,0.014678899082568808,0.055045872,0.086238532,0.078899083,0.031192660550458717,0.056880734,0.078899083,0.03853211,0.036697248,0.069724771,0.071559633,0.060550458715596334,0.00733945,0.025688073394495414,0
0.092378753,0.016166281755196306,0.050808314087759814,0.055427252,0.032332564,0.064665127,0.025404157043879907,0.032332564,0.046189376443418015,0.11547344110854503,0.027713626,0.032332564,0.050808314087759814,0.062355658,0.071593533,0.062355658,0.048498845,0.083140878,0.009237875,0.020785219399538105,0
0.040752351,0.012539184952978056,0.059561129,0.087774295,0.047021943573667714,0.025078369905956112,0.025078369905956112,0.047021943573667714,0.059561129,0.11285266457680251,0.028213166,0.040752351,0.065830721,0.028213166,0.065830721,0.12539184952978055,0.028213166,0.072100313,0.006269592,0.021943574,0
0.053254438,0.013806706114398421,0.041420118,0.11439842209072978,0.047337278106508875,0.069033531,0.019723866,0.053254438,0.043392505,0.098619329,0.019723866,0.047337278106508875,0.061143984,0.033530572,0.08086785,0.041420118,0.041420118,0.071005917,0.021696252465483234,0.027613412228796843,0
0.058139535,0,0.069767442,0.12403100775193798,0.046511627906976744,0.062015504,0.007751938,0.062015504,0.10077519379844961,0.085271318,0.042635659,0.027131782945736434,0.027131782945736434,0.011627906976744186,0.058139535,0.034883721,0.034883721,0.081395349,0.003875969,0.062015504,0
0.091358025,0.014814814814814815,0.054320988,0.061728395,0.019753086419753086,0.086419753,0.034567901,0.10617283950617284,0.039506173,0.11358024691358025,0.014814814814814815,0.032098765,0.037037037037037035,0.064197531,0.044444444444444446,0.04691358,0.039506173,0.064197531,0.004938272,0.02962963,0
0.046511627906976744,0.029069767441860465,0.046511627906976744,0.069767442,0.052325581,0.034883721,0.023255813953488372,0.12209302325581395,0.075581395,0.087209302,0.01744186,0.11627906976744186,0.040697674418604654,0.011627906976744186,0.01744186,0.063953488,0.040697674418604654,0.058139535,0.005813953,0.040697674418604654,0
0.034285714,0.028571429,0.04,0.08,0.062857143,0.068571429,0,0.074285714,0.074285714,0.08,0.028571429,0.057142857,0.028571429,0.062857143,0.034285714,0.051428571,0.051428571,0.085714286,0.022857142857142857,0.034285714,0
0.1736111111111111,0.013888888888888888,0.05787037,0.041666666666666664,0.034722222222222224,0.1087962962962963,0.018518518518518517,0.037037037037037035,0.016203703703703703,0.11805555555555555,0.011574074074074073,0.023148148148148147,0.048611111,0.037037037037037035,0.069444444,0.041666666666666664,0.055555556,0.081018519,0.00462963,0.006944444,0
0.10220440881763528,0.008016032,0.062124248,0.03006012,0.04008016,0.086172345,0.016032064,0.042084168,0.042084168,0.078156313,0.022044088176352707,0.052104208416833664,0.052104208416833664,0.054108216,0.04008016,0.058116232,0.062124248,0.06012024,0.024048096,0.068136273,0
0.12750455373406194,0.018214936247723135,0.025500910746812388,0.027322404,0.007285974,0.083788707,0.10200364298724955,0.025500910746812388,0.020036429872495445,0.051001821493624776,0.023679417122040074,0.034608379,0.083788707,0.041894353,0.047358834,0.1384335154826958,0.069216758,0.045537341,0.003642987,0.023679417122040074,0
0.04245283,0.009433962,0.066037736,0.033018868,0.066037736,0.14622641509433962,0.023584906,0.070754717,0.075471698,0.066037736,0.018867924528301886,0.028301887,0.047169811,0.014150943396226415,0.033018868,0.047169811,0.070754717,0.10849056603773585,0.014150943396226415,0.018867924528301886,0
0.081818182,0.003030303,0.072727273,0.066666667,0.036363636,0.075757576,0.024242424242424242,0.072727273,0.018181818,0.081818182,0.012121212121212121,0.024242424242424242,0.060606061,0.030303030303030304,0.060606061,0.072727273,0.060606061,0.090909091,0.018181818,0.036363636,0
0.070530726,0.000698324,0.078212291,0.044692737,0.032122905,0.07122905,0.01047486,0.074022346,0.06424581,0.05726257,0.018156424581005588,0.088687151,0.034916201117318434,0.038407821,0.018156424581005588,0.076117318,0.081005587,0.078910615,0.019553072625698324,0.042597765,0
0.048076923,0.019230769230769232,0.086538462,0.057692307692307696,0.048076923,0.0625,0.048076923,0.076923077,0.086538462,0.11057692307692307,0.024038462,0.038461538461538464,0.043269231,0.043269231,0.052884615384615384,0.033653846,0.033653846,0.033653846,0.004807692,0.048076923,0
0.10650887573964497,0.001972387,0.037475345,0.084812623,0.023668639053254437,0.076923077,0.00591716,0.08086785,0.039447732,0.098619329,0.025641026,0.029585798816568046,0.033530572,0.065088757,0.061143984,0.059171598,0.061143984,0.072978304,0,0.035502959,0
0.063432836,0.011194029850746268,0.055970149253731345,0.055970149253731345,0.052238806,0.19029850746268656,0.014925373134328358,0.055970149253731345,0.033582089552238806,0.082089552,0.037313433,0.052238806,0.026119402985074626,0.033582089552238806,0.048507462686567165,0.063432836,0.044776119,0.041044776119402986,0.011194029850746268,0.026119402985074626,0
0.01369863,0.01369863,0.082191781,0.068493151,0.01369863,0.068493151,0.02739726,0.054794521,0.1095890410958904,0.136986301,0.01369863,0.04109589,0.01369863,0.054794521,0.02739726,0.054794521,0.02739726,0.136986301,0,0.04109589,0
0.065891473,0.023255813953488372,0.042635659,0.054263566,0.019379845,0.062015504,0.031007751937984496,0.034883721,0.050387596899224806,0.093023256,0.015503875968992248,0.023255813953488372,0.12015503875968993,0.054263566,0.081395349,0.062015504,0.046511627906976744,0.058139535,0.019379845,0.042635659,0
0.096685083,0.005524862,0.038674033,0.074585635,0.044198895,0.082872928,0.022099447513812154,0.041436464,0.049723756906077346,0.091160221,0.035911602,0.049723756906077346,0.038674033,0.046961326,0.044198895,0.077348066,0.041436464,0.069060773,0.005524862,0.044198895,0
0.11336032388663968,0.004048583,0.11336032388663968,0.085020243,0.020242914979757085,0.064777328,0.024291497975708502,0.08097166,0.028340081,0.1214574898785425,0.028340081,0.024291497975708502,0.036437247,0.012145748987854251,0.044534412955465584,0.060728745,0.048582995951417005,0.068825911,0,0.020242914979757085,0
0.064814815,0.009259259,0.069444444,0.069444444,0.046296296296296294,0.060185185,0.046296296296296294,0.055555556,0.087962963,0.060185185,0.027777777777777776,0.037037037037037035,0.041666666666666664,0.041666666666666664,0.023148148148148147,0.078703704,0.041666666666666664,0.060185185,0.013888888888888888,0.064814815,0
0.096698113,0.007075472,0.075471698,0.061320755,0.030660377358490566,0.073113208,0.04245283,0.096698113,0.061320755,0.068396226,0.028301887,0.044811321,0.04009434,0.023584906,0.037735849,0.061320755,0.051886792,0.073113208,0.002358491,0.023584906,0
0.13445378151260504,0,0.058823529411764705,0.058823529411764705,0.016806723,0.067226891,0.025210084033613446,0.075630252,0.12605042016806722,0.067226891,0.008403361,0.042016807,0.008403361,0.016806723,0.075630252,0.058823529411764705,0.058823529411764705,0.067226891,0,0.033613445,0
0.064989518,0.018867924528301886,0.046121593,0.05870021,0.048218029,0.064989518,0.033542976939203356,0.048218029,0.06918239,0.088050314,0.018867924528301886,0.044025157,0.039832285115303984,0.035639413,0.044025157,0.090146751,0.067085954,0.077568134,0.008385744,0.033542976939203356,0
0.063569682,0.019559902200488997,0.083129584,0.061124694376528114,0.051344743,0.024449878,0.022004889975550123,0.053789731,0.08801956,0.095354523,0.022004889975550123,0.051344743,0.053789731,0.039119804400977995,0.061124694376528114,0.070904645,0.039119804400977995,0.046454768,0.017114914425427872,0.036674817,0
0.12030075187969924,0,0.030075188,0.097744361,0.037593985,0.097744361,0.037593985,0.007518797,0.037593985,0.060150376,0.037593985,0.007518797,0.082706767,0.007518797,0.082706767,0.015037593984962405,0.052631579,0.15037593984962405,0.015037593984962405,0.022556390977443608,0
0.044117647,0.008823529,0.067647059,0.079411765,0.058823529411764705,0.10882352941176471,0.017647059,0.064705882,0.082352941,0.052941176470588235,0.020588235294117647,0.035294118,0.076470588,0.023529411764705882,0.076470588,0.052941176470588235,0.05,0.05,0.002941176,0.026470588235294117,0
0.13267813267813267,0,0.056511056511056514,0.046683047,0.019656019656019656,0.093366093,0.019656019656019656,0.046683047,0.034398034,0.11056511056511056,0.034398034,0.012285012285012284,0.058968059,0.029484029484029485,0.066339066,0.054054054,0.051597051597051594,0.078624079,0.029484029484029485,0.024570025,0
0.059125964,0.015424164524421594,0.043701799485861184,0.053984576,0.048843188,0.048843188,0.043701799485861184,0.041131105,0.064267352,0.056555269922879174,0.023136247,0.046272494,0.059125964,0.048843188,0.06940874,0.12082262210796915,0.092544987,0.046272494,0.010282776349614395,0.007712082,0
0.10067114093959731,0.010067114093959731,0.036912752,0.073825503,0.033557047,0.093959732,0.023489933,0.087248322,0.077181208,0.1040268456375839,0.020134228187919462,0.046979866,0.030201342281879196,0.043624161,0.023489933,0.046979866,0.063758389,0.053691275167785234,0,0.030201342281879196,0
0.075862069,0.006896552,0.082758621,0.096551724,0.034482758620689655,0.089655172,0.006896552,0.062068966,0.055172414,0.055172414,0.020689655172413793,0.041379310344827586,0.027586206896551724,0.027586206896551724,0.082758621,0.041379310344827586,0.048275862,0.10344827586206896,0.006896552,0.034482758620689655,0
0.06918239,0.029350104821802937,0.033542976939203356,0.037735849,0.060796646,0.06918239,0.031446540880503145,0.029350104821802937,0.037735849,0.14465408805031446,0.018867924528301886,0.031446540880503145,0.056603774,0.048218029,0.056603774,0.071278826,0.037735849,0.075471698,0.033542976939203356,0.027253668763102725,0
0.095384615,0.003076923,0.046153846153846156,0.046153846153846156,0.04,0.049230769,0.021538461538461538,0.076923077,0.030769231,0.11076923076923077,0.015384615384615385,0.030769231,0.046153846153846156,0.092307692,0.049230769,0.070769231,0.064615385,0.076923077,0.018461538461538463,0.015384615384615385,0
0.10778443113772455,0.023952095808383235,0.050898204,0.038922155688622756,0.029940119760479042,0.068862275,0.029940119760479042,0.023952095808383235,0.020958083832335328,0.080838323,0.014970059880239521,0.029940119760479042,0.11976047904191617,0.017964071856287425,0.098802395,0.080838323,0.059880239520958084,0.065868263,0.020958083832335328,0.014970059880239521,1
0.075111394,0.022278803309993635,0.044239338001273075,0.06460853,0.030235518777848504,0.044239338001273075,0.028325907065563337,0.047422024,0.039465309,0.13303628262253342,0.021005728835136857,0.028644176,0.0598345,0.057288351,0.049013367,0.097390197,0.054105665,0.07383832,0.010184595798854232,0.019732654360280075,0
0.059633028,0.013761467889908258,0.036697248,0.068807339,0.027522935779816515,0.077981651,0.009174312,0.14220183486238533,0.091743119,0.068807339,0.018348624,0.045871559633027525,0.032110092,0.068807339,0.068807339,0.032110092,0.045871559633027525,0.045871559633027525,0.013761467889908258,0.032110092,0
0.07073955,0.028938906752411574,0.035369775,0.064308682,0.022508038585209004,0.083601286,0.032154341,0.067524116,0.025723473,0.073954984,0.01607717,0.090032154,0.035369775,0.019292605,0.064308682,0.067524116,0.073954984,0.077170418,0.01607717,0.035369775,0
0.055299539170506916,0.00921659,0.082949309,0.064516129,0.078341014,0.069124424,0.027649769585253458,0.041474654377880185,0.073732719,0.064516129,0.023041475,0.059907834101382486,0.050691244,0.050691244,0.055299539170506916,0.050691244,0.023041475,0.064516129,0.023041475,0.032258065,0
0.11857707509881422,0.035573123,0.063241107,0.039525691699604744,0,0.09486166,0.043478260869565216,0.023715415019762844,0.023715415019762844,0.1225296442687747,0.011857707509881422,0.019762845849802372,0.063241107,0.031620553,0.083003953,0.063241107,0.031620553,0.09486166,0.019762845849802372,0.015810276679841896,0
0.14457831325301204,0.006024096,0.048192771,0.078313253,0.054216867,0.024096385542168676,0.024096385542168676,0.030120481927710843,0.096385542,0.096385542,0.042168675,0.030120481927710843,0.036144578,0.024096385542168676,0.030120481927710843,0.072289157,0.042168675,0.090361446,0.018072289156626505,0.012048192771084338,0
0.15270935960591134,0.009852217,0.068965517,0.083743842,0.039408867,0.083743842,0.019704433497536946,0.014778325123152709,0.039408867,0.10837438423645321,0.019704433497536946,0.009852217,0.044334975,0.029556650246305417,0.073891626,0.049261084,0.039408867,0.044334975,0.019704433497536946,0.049261084,0
0.1070063694267516,0.002547771,0.035668789808917196,0.10955414012738854,0.048407643312101914,0.09044586,0.021656051,0.020382166,0.022929936305732482,0.1464968152866242,0.010191083,0.011464968152866241,0.091719745,0.01910828,0.095541401,0.029299363,0.029299363,0.080254777,0.006369427,0.021656051,0
0.061827957,0.024193548387096774,0.045698925,0.088709677,0.053763440860215055,0.059139785,0.024193548387096774,0.067204301,0.072580645,0.12096774193548387,0.018817204,0.048387097,0.043010752688172046,0.026881720430107527,0.037634409,0.075268817,0.029569892,0.064516129,0.002688172,0.034946237,0
0.10772833723653395,0,0.074941452,0.037470726,0.053864168618266976,0.11007025761124122,0.007025761,0.030444965,0.053864168618266976,0.093676815,0.004683841,0.086651054,0.007025761,0.032786885,0.021077283,0.06323185,0.06557377,0.079625293,0.011709602,0.058548009,0
0.082278481,0.012658227848101266,0.03164557,0.082278481,0.053797468,0.060126582278481014,0.022151898734177215,0.050632911,0.034810127,0.075949367,0.025316456,0.015822784810126583,0.063291139,0.037974684,0.056962025316455694,0.060126582278481014,0.050632911,0.10759493670886076,0.025316456,0.050632911,0
0.18950437317784258,0.011661807580174927,0.049562682,0.087463557,0.032069971,0.069970845,0.026239067055393587,0.043731778425655975,0.040816327,0.058309038,0.017492711,0.008746356,0.075801749,0.023323615160349854,0.067055394,0.058309038,0.040816327,0.078717201,0.011661807580174927,0.008746356,0
0.074742268,0.015463917525773196,0.054123711,0.085051546,0.046391753,0.041237113402061855,0.041237113402061855,0.056701031,0.059278350515463915,0.1056701030927835,0.010309278350515464,0.051546392,0.043814433,0.048969072,0.028350515463917526,0.056701031,0.043814433,0.077319588,0.015463917525773196,0.043814433,0
0.086631016,0.012834224598930482,0.049197861,0.065240642,0.033155080213903745,0.08342246,0.022459893048128343,0.071657754,0.06631016,0.095187166,0.021390374,0.040641711229946524,0.057754010695187166,0.033155080213903745,0.045989304812834225,0.045989304812834225,0.067379679,0.079144385,0.005347594,0.017112299465240642,0
0.084745763,0.005649718,0.04519774,0.09039548,0.033898305,0.096045198,0.039548023,0.079096045,0.039548023,0.12429378531073447,0.016949153,0.005649718,0.062146892655367235,0.04519774,0.050847458,0.011299435028248588,0.073446328,0.079096045,0,0.016949153,0
0.11016949152542373,0.008474576,0.042372881,0.050847458,0.008474576,0.059322033898305086,0.084745763,0.059322033898305086,0.016949153,0.13559322033898305,0.042372881,0.025423728813559324,0.042372881,0.059322033898305086,0.033898305,0.06779661,0.084745763,0.042372881,0.008474576,0.016949153,0
0.092105263,0.026315789,0.052631579,0.035087719,0.043859649122807015,0.10087719298245613,0.004385965,0.039473684210526314,0.013157894736842105,0.087719298,0.021929824561403508,0.061403509,0.052631579,0.070175439,0.035087719,0.078947368,0.070175439,0.039473684210526314,0.026315789,0.048245614,0
0.085852479,0.004836759,0.089480048,0.072551391,0.039903265,0.035066505,0.022974607013301087,0.045949214026602174,0.051995163,0.061668682,0.018137847642079808,0.07859734,0.056831922611850064,0.036275695284159616,0.054413543,0.087061669,0.07376058,0.051995163,0.00241838,0.030229746070133012,0
0.071942446,0.021582734,0.035971223,0.028776978,0.028776978,0.09352518,0.014388489208633094,0.021582734,0.064748201,0.071942446,0.028776978,0.014388489208633094,0.035971223,0.050359712230215826,0.028776978,0.12949640287769784,0.086330935,0.057553957,0.035971223,0.079136691,0
0.031847134,0.012738853503184714,0.076433121,0.1337579617834395,0.057324841,0.076433121,0,0.095541401,0.070063694,0.050955414012738856,0.012738853503184714,0.076433121,0.038216561,0.038216561,0.01910828,0.070063694,0.050955414012738856,0.050955414012738856,0.006369427,0.031847134,0
0.1511627906976744,0,0.043604651,0.081395349,0.031976744,0.11627906976744186,0.023255813953488372,0.00872093,0.031976744,0.1308139534883721,0.01744186,0.011627906976744186,0.075581395,0.014534883720930232,0.087209302,0.029069767441860465,0.026162791,0.081395349,0.020348837209302327,0.01744186,0
0.10080645161290322,0.016129032258064516,0.072580645,0.040322581,0.032258065,0.076612903,0.036290322580645164,0.040322581,0.036290322580645164,0.092741935,0.016129032258064516,0.060483871,0.048387097,0.036290322580645164,0.048387097,0.060483871,0.084677419,0.056451612903225805,0.008064516,0.036290322580645164,0
0.1385390428211587,0.002518892,0.065491184,0.068010076,0.035264484,0.093198992,0.007556675,0.032745592,0.030226700251889168,0.11335012594458438,0.010075566750629723,0.007556675,0.057934509,0.010075566750629723,0.060453400503778336,0.062972292,0.088161209,0.098236776,0.005037783,0.012594458438287154,0
0.080631754,0.024106400665004156,0.04156276,0.064837905,0.039068994,0.077306733,0.020781379883624274,0.031587697,0.030756442227763924,0.10640066500415628,0.014131338320864505,0.023275145469659187,0.088944306,0.059019119,0.073981712,0.067331671,0.053200333,0.060681629260182876,0.017456359102244388,0.024937656,0
0.049382716,0.008230453,0.041152263,0.032921811,0.049382716,0.094650206,0.016460905,0.028806584,0.049382716,0.074074074,0.037037037037037035,0.086419753,0.037037037037037035,0.032921811,0.032921811,0.082304527,0.090534979,0.057613169,0.032921811,0.065843621,0
0.11013215859030837,0.022026431718061675,0.048458149779735685,0.092511013,0.039647577092511016,0.074889868,0.017621145,0.039647577092511016,0.026431718,0.1013215859030837,0.017621145,0.022026431718061675,0.048458149779735685,0.044052863,0.088105727,0.044052863,0.030837004405286344,0.083700441,0.030837004405286344,0.017621145,0
0.03255814,0.027906976744186046,0.037209302325581395,0.046511627906976744,0.013953488372093023,0.088372093,0.037209302325581395,0.11162790697674418,0.065116279,0.060465116,0.037209302325581395,0.11162790697674418,0.023255813953488372,0.018604651162790697,0.023255813953488372,0.069767442,0.074418605,0.074418605,0.009302326,0.037209302325581395,0
0.066334992,0.021558872,0.048092869,0.069651741,0.03814262,0.056384743,0.026533996683250415,0.051409619,0.066334992,0.11774461028192372,0.016583748,0.036484245,0.063018242,0.021558872,0.07628524,0.071310116,0.046434494,0.061359867,0.006633499,0.03814262,0
0.12639405204460966,0.003717472,0.048327137546468404,0.059479554,0.029739777,0.10037174721189591,0.014869888,0.07063197,0.037174721,0.10037174721189591,0.037174721,0.029739777,0.040892193308550186,0.037174721,0.044609665,0.063197026,0.055762081784386616,0.063197026,0.014869888,0.022304832713754646,0
0.069271758,0.015985790408525755,0.035523978685612786,0.047957371225577264,0.046181172291296625,0.094138544,0.03374778,0.024866785,0.014209591474245116,0.11190053285968028,0.008880995,0.030195382,0.078152753,0.056838365896980464,0.051509769,0.10301953818827708,0.055062166962699825,0.072824156,0.017761989342806393,0.031971581,0
0.10625,0.021875,0.05,0.0625,0.0375,0.0625,0.025,0.075,0.034375,0.0625,0.01875,0.071875,0.028125,0.05,0.05625,0.06875,0.034375,0.05625,0.0125,0.065625,0
0.051324503,0.021523179,0.043046358,0.059602649006622516,0.062913907,0.061258278145695365,0.031456954,0.056291390728476824,0.056291390728476824,0.094370861,0.024834437086092714,0.048013245033112585,0.066225166,0.051324503,0.044701987,0.057947019867549666,0.056291390728476824,0.057947019867549666,0.009933775,0.044701987,0
0.069097889,0.023032629558541268,0.061420345489443376,0.071017274,0.051823417,0.05950096,0.023032629558541268,0.051823417,0.057581574,0.099808061,0.026871401151631478,0.055662188,0.053742802303262956,0.026871401151631478,0.051823417,0.065259117,0.053742802303262956,0.055662188,0.007677543,0.034548944,0
0.09314587,0.005272408,0.066783831,0.061511423550087874,0.035149385,0.098418278,0.033391915641476276,0.082601054,0.07029877,0.054481546572934976,0.031634446,0.049209139,0.038664323,0.028119507908611598,0.029876977152899824,0.050966608084358524,0.077328647,0.057996485,0.007029877,0.028119507908611598,0
0.078947368,0.010121457489878543,0.074898785,0.082995951,0.042510121,0.05465587,0.020242914979757085,0.05465587,0.066801619,0.091093117,0.026315789,0.046558704,0.030364372469635626,0.034412955,0.048582995951417005,0.04048583,0.064777328,0.066801619,0.01417004,0.050607287,0
0.072874494,0.004048583,0.064777328,0.044534412955465584,0.056680162,0.060728745,0.008097166,0.056680162,0.036437247,0.068825911,0.008097166,0.060728745,0.048582995951417005,0.04048583,0.032388663967611336,0.11336032388663968,0.085020243,0.076923077,0.024291497975708502,0.036437247,0
0.066666667,0.014492753623188406,0.052173913,0.060869565,0.043478260869565216,0.095652174,0.023188406,0.052173913,0.066666667,0.075362319,0.034782608695652174,0.037681159,0.043478260869565216,0.031884058,0.028985507246376812,0.055072464,0.055072464,0.098550725,0.005797101,0.057971014492753624,0
0.069196429,0.035714286,0.11383928571428571,0.044642857142857144,0.037946429,0.11607142857142858,0.017857142857142856,0.037946429,0.029017857142857144,0.053571429,0.024553571428571428,0.049107142857142856,0.03125,0.03125,0.020089285714285716,0.080357143,0.087053571,0.053571429,0.020089285714285716,0.046875,0
0.092356688,0,0.041401273885350316,0.098726115,0.015923567,0.1178343949044586,0.015923567,0.076433121,0.079617834,0.063694268,0.031847134,0.025477707006369428,0.041401273885350316,0.044585987261146494,0.054140127388535034,0.022292993630573247,0.041401273885350316,0.092356688,0.015923567,0.028662420382165606,0
0.070404172,0.016949153,0.048239895697522815,0.057366362,0.046936115,0.069100391,0.023468057,0.059973924,0.035202086049543675,0.12646675358539766,0.035202086049543675,0.033898305,0.048239895697522815,0.049543677,0.063885267,0.048239895697522815,0.046936115,0.062581486,0.020860495436766623,0.036505867,0
0.12716763005780346,0,0.060693642,0.040462428,0.028901734104046242,0.080924855,0.011560693641618497,0.072254335,0.075144509,0.095375723,0.034682081,0.040462428,0.057803468208092484,0.037572254,0.011560693641618497,0.057803468208092484,0.049132947976878616,0.086705202,0.014450867052023121,0.017341040462427744,0
0.070707071,0.001262626,0.036616161616161616,0.045454545454545456,0.068181818,0.087121212,0.018939394,0.078282828,0.049242424,0.11237373737373738,0.030303030303030304,0.032828283,0.035353535,0.036616161616161616,0.035353535,0.045454545454545456,0.046717172,0.083333333,0.036616161616161616,0.049242424,0
0.086466165,0.003759398,0.063909774,0.056390977,0.037593985,0.078947368,0.011278195488721804,0.067669173,0.093984962,0.078947368,0.018796992481203006,0.030075188,0.078947368,0.018796992481203006,0.026315789,0.078947368,0.04887218,0.067669173,0.011278195488721804,0.041353383458646614,0
0.066666667,0.007692308,0.051282051,0.084615385,0.056410256,0.094871795,0.038461538461538464,0.058974359,0.056410256,0.082051282,0.020512820512820513,0.041025641025641026,0.046153846153846156,0.020512820512820513,0.035897435897435895,0.069230769,0.056410256,0.066666667,0.007692308,0.038461538461538464,0
0.067833698,0.013129103,0.06345733,0.078774617,0.054704595,0.074398249,0.024070021881838075,0.045951859956236324,0.032822757,0.070021882,0.032822757,0.059080963,0.039387309,0.050328228,0.041575492,0.080962801,0.056892779,0.072210066,0.010940919037199124,0.030634573304157548,0
0.065714286,0.022857142857142857,0.074285714,0.077142857,0.048571429,0.054285714285714284,0.025714285714285714,0.08,0.074285714,0.085714286,0.034285714,0.04,0.014285714285714285,0.037142857142857144,0.048571429,0.062857143,0.057142857,0.054285714285714284,0.005714286,0.037142857142857144,0
0.062770563,0.028138528,0.045454545454545456,0.060606061,0.036796537,0.069264069,0.032467532467532464,0.043290043,0.056277056,0.1038961038961039,0.036796537,0.038961039,0.075757576,0.030303030303030304,0.054112554,0.097402597,0.051948052,0.051948052,0.004329004,0.019480519,1
0.063510393,0.008083141,0.042725173210161664,0.073903002,0.032332564,0.094688222,0.023094688221709007,0.050808314087759814,0.065819861,0.098152425,0.021939953810623556,0.034642032,0.056581986,0.042725173210161664,0.050808314087759814,0.054272517321016164,0.053117782909930716,0.071593533,0.018475750577367205,0.042725173210161664,0
0.056603774,0.044025157,0.062893082,0.037735849,0.012578616352201259,0.11320754716981132,0.018867924528301886,0.031446540880503145,0.11949685534591195,0.044025157,0.012578616352201259,0.031446540880503145,0.025157232704402517,0.006289308,0.006289308,0.075471698,0.16352201257861634,0.06918239,0.018867924528301886,0.050314465408805034,0
0.051418439716312055,0.026595744680851064,0.042553191,0.069148936,0.033687943,0.074468085,0.024822695035460994,0.069148936,0.062056738,0.083333333,0.026595744680851064,0.088652482,0.035460993,0.031914893617021274,0.037234043,0.078014184,0.047872340425531915,0.056737589,0.017730496,0.042553191,0
0.035812672,0.002754821,0.071625344,0.055096419,0.046831955922865015,0.079889807,0.05785124,0.082644628,0.066115702,0.066115702,0.038567493,0.035812672,0.063360882,0.019283747,0.030303030303030304,0.038567493,0.077134986,0.074380165,0.022038567,0.035812672,0
0.017094017094017096,0,0.042735042735042736,0.042735042735042736,0.017094017094017096,0.1111111111111111,0.017094017094017096,0.05982906,0.094017094,0.094017094,0.042735042735042736,0.042735042735042736,0.042735042735042736,0.017094017094017096,0.1111111111111111,0.051282051,0.094017094,0.085470085,0,0.017094017094017096,0
0.11191335740072202,0.032490974729241874,0.057761733,0.054151625,0.036101083032490974,0.10469314079422383,0.028880866,0.036101083032490974,0.018050541516245487,0.086642599,0.014440433,0.025270758,0.064981949,0.028880866,0.075812274,0.046931408,0.054151625,0.072202166,0.028880866,0.021660649819494584,0
0.099437148,0.005628518,0.065666041,0.067542214,0.046904315,0.065666041,0.011257036,0.05065666,0.043151969981238276,0.1200750469043152,0.028142589118198873,0.041275797,0.046904315,0.03564728,0.063789869,0.065666041,0.03564728,0.056285178,0.005628518,0.045028143,0
0.067532468,0.012987012987012988,0.083116883,0.067532468,0.067532468,0.054545455,0.018181818,0.083116883,0.088311688,0.072727273,0.023376623376623377,0.036363636,0.038961039,0.028571429,0.057142857,0.064935065,0.031168831,0.057142857,0.005194805,0.041558442,0
0.052631579,0.019736842105263157,0.085526316,0.046052631578947366,0.032894737,0.17105263157894737,0.059210526,0.078947368,0.065789474,0.059210526,0.013157894736842105,0.059210526,0.046052631578947366,0.026315789,0.019736842105263157,0.059210526,0.039473684210526314,0.052631579,0,0.013157894736842105,0
0.125,0.01875,0.05,0.0625,0.025,0.1125,0.0125,0.05625,0.0125,0.05625,0.05,0.025,0.0875,0.025,0.0625,0.03125,0.06875,0.0875,0.00625,0.025,0
0.052287582,0.022875817,0.069716776,0.067538126,0.043572985,0.086056645,0.019607843,0.061002179,0.069716776,0.098039216,0.038126362,0.034858387799564274,0.025054466,0.029411764705882353,0.059912854,0.057734205,0.063180828,0.075163399,0.004357298,0.021786492,0
0.070234114,0.030100334448160536,0.060200669,0.060200669,0.040133779,0.073578595,0.033444816053511704,0.053511706,0.066889632,0.080267559,0.030100334448160536,0.040133779,0.043478260869565216,0.026755852842809364,0.043478260869565216,0.066889632,0.050167224,0.10367892976588629,0.013377926421404682,0.013377926421404682,0
0.095238095,0.006802721,0.054421769,0.054421769,0.054421769,0.088435374,0.054421769,0.006802721,0.074829932,0.1292517006802721,0.013605442176870748,0.061224489795918366,0.027210884353741496,0.034013605442176874,0.034013605442176874,0.040816327,0.013605442176870748,0.1292517006802721,0.013605442176870748,0.013605442176870748,0
0.085603113,0,0.06614786,0.077821012,0.027237354085603113,0.081712062,0.015564202,0.073929961,0.06614786,0.10116731517509728,0.019455252918287938,0.042801556420233464,0.050583658,0.015564202,0.027237354085603113,0.019455252918287938,0.093385214,0.081712062,0.007782101,0.046692607,0
0.051724138,0,0.090517241,0.064655172,0.025862069,0.064655172,0.030172414,0.038793103,0.043103448,0.17672413793103448,0.030172414,0.038793103,0.038793103,0.047413793,0.077586207,0.051724138,0.051724138,0.056034483,0.00862069,0.012931034,0
0.12030075187969924,0.003759398,0.04887218,0.063909774,0.015037593984962405,0.090225564,0.037593985,0.041353383458646614,0.022556390977443608,0.097744361,0.011278195488721804,0.033834586,0.056390977,0.018796992481203006,0.041353383458646614,0.082706767,0.056390977,0.11278195488721804,0.011278195488721804,0.033834586,0
0.030100334448160536,0.003344482,0.073578595,0.053511706,0.036789298,0.073578595,0.010033444816053512,0.076923077,0.060200669,0.10367892976588629,0.030100334448160536,0.056856187290969896,0.070234114,0.046822742474916385,0.053511706,0.063545151,0.046822742474916385,0.053511706,0.010033444816053512,0.046822742474916385,1
0.078125,0,0.0625,0.083333333,0.015625,0.072916667,0.010416666666666666,0.041666666666666664,0.072916667,0.078125,0.057291666666666664,0.046875,0.036458333333333336,0.026041666666666668,0.057291666666666664,0.052083333333333336,0.072916667,0.11458333333333333,0.005208333,0.015625,0
0.069004525,0.010180995475113122,0.081447964,0.075791855,0.033936651583710405,0.057692307692307696,0.023755656108597284,0.049773755656108594,0.03959276,0.084841629,0.014705882352941176,0.048642533936651584,0.067873303,0.036199095,0.052036199,0.059954751,0.073529412,0.082579186,0.009049774,0.029411764705882353,0
0.1527777777777778,0.010416666666666666,0.059027777777777776,0.055555556,0.048611111,0.13541666666666666,0.010416666666666666,0.038194444,0.079861111,0.065972222,0.017361111111111112,0.027777777777777776,0.024305555555555556,0.020833333333333332,0.034722222222222224,0.048611111,0.048611111,0.09375,0.003472222,0.024305555555555556,0
0.091324201,0.00913242,0.04870624,0.0456621,0.03196347,0.068493151,0.01674277,0.03957382,0.050228311,0.106544901,0.01826484,0.050228311,0.082191781,0.059360731,0.053272451,0.085235921,0.068493151,0.04414003,0.01217656,0.01826484,0
0.034482758620689655,0,0.027586206896551724,0.068965517,0.034482758620689655,0.068965517,0.034482758620689655,0.048275862,0.1103448275862069,0.096551724,0.055172414,0.013793103448275862,0.055172414,0.048275862,0.10344827586206896,0.055172414,0.041379310344827586,0.062068966,0,0.041379310344827586,0
0.050295858,0,0.071005917,0.035502959,0.038461538461538464,0.11538461538461539,0.00887574,0.026627218934911243,0.082840237,0.071005917,0.026627218934911243,0.068047337,0.020710059171597635,0.041420118,0.020710059171597635,0.038461538461538464,0.062130178,0.062130178,0.053254438,0.10650887573964497,0
0.027777777777777776,0,0.074074074,0.10185185185185185,0.064814815,0.046296296296296294,0.018518518518518517,0.064814815,0.083333333,0.064814815,0.027777777777777776,0.074074074,0.009259259,0.074074074,0.037037037037037035,0.064814815,0.064814815,0.046296296296296294,0.018518518518518517,0.037037037037037035,0
0.092741935,0.016129032258064516,0.060483871,0.088709677,0.032258065,0.060483871,0.016129032258064516,0.084677419,0.032258065,0.080645161,0.020161290322580645,0.004032258,0.048387097,0.044354839,0.088709677,0.072580645,0.040322581,0.076612903,0.016129032258064516,0.024193548387096774,0
0.11194029850746269,0.037313433,0.044776119,0.044776119,0.029850746268656716,0.11940298507462686,0.007462687,0.029850746268656716,0.022388059701492536,0.089552239,0.037313433,0.067164179,0.052238806,0.044776119,0.044776119,0.044776119,0.037313433,0.082089552,0.007462687,0.044776119,0
