A,C,D,E,F,G,H,I,K,L,M,N,P,Q,R,S,T,V,W,Y,BinaryClass
0.0903225806451612,0.0193548387096774,0.0451612903225806,0.0774193548387096,0.0129032258064516,0.0903225806451612,0.032258064516129,0.0451612903225806,0.0709677419354838,0.0774193548387096,0.0258064516129032,0.0451612903225806,0.032258064516129,0.0516129032258064,0.064516129032258,0.0258064516129032,0.064516129032258,0.0580645161290322,0.0387096774193548,0.032258064516129,0
0.0535714285714285,0.0059523809523809,0.0535714285714285,0.0744047619047619,0.0416666666666666,0.0892857142857142,0.0089285714285714,0.0863095238095238,0.1101190476190476,0.0922619047619047,0.0357142857142857,0.0595238095238095,0.0327380952380952,0.0119047619047619,0.0297619047619047,0.0684523809523809,0.0416666666666666,0.0654761904761904,0.0029761904761904,0.0357142857142857,0
0.0967741935483871,0.0,0.032258064516129,0.0,0.0806451612903225,0.064516129032258,0.0,0.0806451612903225,0.0161290322580645,0.1774193548387097,0.032258064516129,0.0161290322580645,0.032258064516129,0.0483870967741935,0.0161290322580645,0.064516129032258,0.0161290322580645,0.1774193548387097,0.032258064516129,0.0161290322580645,0
0.0856353591160221,0.011049723756906,0.0718232044198895,0.0856353591160221,0.0524861878453038,0.0773480662983425,0.0303867403314917,0.0828729281767955,0.0580110497237569,0.0690607734806629,0.0359116022099447,0.0441988950276243,0.0414364640883977,0.0220994475138121,0.0331491712707182,0.0469613259668508,0.0552486187845303,0.0690607734806629,0.0027624309392265,0.0248618784530386,0
0.1148148148148148,0.0111111111111111,0.0555555555555555,0.0481481481481481,0.0333333333333333,0.0592592592592592,0.0407407407407407,0.037037037037037,0.0407407407407407,0.074074074074074,0.0222222222222222,0.0407407407407407,0.0555555555555555,0.0444444444444444,0.074074074074074,0.037037037037037,0.0518518518518518,0.0962962962962963,0.0185185185185185,0.0444444444444444,1
0.108695652173913,0.0,0.0,0.0,0.0434782608695652,0.0652173913043478,0.0217391304347826,0.0,0.108695652173913,0.0652173913043478,0.0434782608695652,0.0434782608695652,0.0217391304347826,0.0434782608695652,0.2391304347826087,0.0652173913043478,0.0652173913043478,0.0652173913043478,0.0,0.0,1
0.1081818181818181,0.0036363636363636,0.0463636363636363,0.0981818181818181,0.03,0.0327272727272727,0.0136363636363636,0.0381818181818181,0.0890909090909091,0.0509090909090909,0.0354545454545454,0.0172727272727272,0.109090909090909,0.069090909090909,0.0627272727272727,0.0545454545454545,0.0636363636363636,0.049090909090909,0.0118181818181818,0.0163636363636363,0
0.0704225352112676,0.0046948356807511,0.0586854460093896,0.0938967136150234,0.056338028169014,0.0727699530516431,0.0117370892018779,0.0539906103286385,0.0915492957746478,0.1056338028169014,0.0187793427230046,0.0399061032863849,0.028169014084507,0.0046948356807511,0.0610328638497652,0.0586854460093896,0.0516431924882629,0.0845070422535211,0.0093896713615023,0.0234741784037558,0
0.04,0.0133333333333333,0.0888888888888888,0.0533333333333333,0.0355555555555555,0.0844444444444444,0.0222222222222222,0.08,0.0666666666666666,0.0888888888888888,0.04,0.0488888888888888,0.0311111111111111,0.0133333333333333,0.0577777777777777,0.0577777777777777,0.0222222222222222,0.0844444444444444,0.0044444444444444,0.0666666666666666,0
0.1437125748502994,0.0,0.0688622754491018,0.0958083832335329,0.0269461077844311,0.0718562874251497,0.0149700598802395,0.0658682634730539,0.0568862275449101,0.1107784431137724,0.0089820359281437,0.0179640718562874,0.0269461077844311,0.0149700598802395,0.0838323353293413,0.029940119760479,0.0239520958083832,0.0898203592814371,0.0149700598802395,0.0329341317365269,0
0.0516129032258064,0.0193548387096774,0.0387096774193548,0.0838709677419354,0.0387096774193548,0.0967741935483871,0.032258064516129,0.032258064516129,0.0709677419354838,0.1225806451612903,0.0129032258064516,0.0516129032258064,0.0451612903225806,0.0387096774193548,0.0451612903225806,0.0580645161290322,0.0774193548387096,0.0258064516129032,0.0064516129032258,0.0516129032258064,0
0.0384615384615384,0.0096153846153846,0.0288461538461538,0.0865384615384615,0.0673076923076923,0.0673076923076923,0.048076923076923,0.1057692307692307,0.1057692307692307,0.0865384615384615,0.0384615384615384,0.0576923076923076,0.0384615384615384,0.048076923076923,0.0096153846153846,0.048076923076923,0.0288461538461538,0.0673076923076923,0.0,0.0192307692307692,0
0.05,0.0133333333333333,0.06,0.0833333333333333,0.0333333333333333,0.0716666666666666,0.0116666666666666,0.0833333333333333,0.0966666666666666,0.1033333333333333,0.015,0.0516666666666666,0.0333333333333333,0.0166666666666666,0.05,0.0516666666666666,0.045,0.0783333333333333,0.005,0.0466666666666666,0
0.1025641025641025,0.0871794871794871,0.0358974358974358,0.082051282051282,0.0256410256410256,0.0615384615384615,0.0256410256410256,0.0205128205128205,0.0615384615384615,0.0769230769230769,0.0153846153846153,0.0256410256410256,0.0974358974358974,0.0153846153846153,0.0564102564102564,0.0307692307692307,0.041025641025641,0.0923076923076923,0.0051282051282051,0.041025641025641,0
0.063063063063063,0.027027027027027,0.045045045045045,0.09009009009009,0.018018018018018,0.063063063063063,0.018018018018018,0.0990990990990991,0.1261261261261261,0.081081081081081,0.027027027027027,0.09009009009009,0.027027027027027,0.018018018018018,0.018018018018018,0.045045045045045,0.027027027027027,0.081081081081081,0.009009009009009,0.027027027027027,0
0.0897212543554007,0.0139372822299651,0.0801393728222996,0.0426829268292682,0.0409407665505226,0.0818815331010452,0.0121951219512195,0.048780487804878,0.0792682926829268,0.0444250871080139,0.0252613240418118,0.078397212543554,0.0522648083623693,0.0235191637630662,0.0209059233449477,0.0444250871080139,0.0757839721254355,0.0688153310104529,0.0270034843205574,0.0496515679442508,0
0.0519480519480519,0.0216450216450216,0.0627705627705627,0.0638528138528138,0.0551948051948051,0.0335497835497835,0.0227272727272727,0.0692640692640692,0.0670995670995671,0.0963203463203463,0.0151515151515151,0.053030303030303,0.0508658008658008,0.0465367965367965,0.0487012987012987,0.1049783549783549,0.0519480519480519,0.0497835497835497,0.0043290043290043,0.0303030303030303,0
0.0979381443298969,0.0025773195876288,0.0438144329896907,0.0773195876288659,0.0335051546391752,0.1082474226804123,0.0283505154639175,0.0592783505154639,0.0773195876288659,0.0902061855670103,0.0283505154639175,0.0335051546391752,0.0386597938144329,0.0309278350515463,0.0412371134020618,0.0386597938144329,0.0412371134020618,0.0773195876288659,0.0077319587628865,0.0438144329896907,0
0.1059027777777777,0.0,0.0555555555555555,0.0520833333333333,0.0329861111111111,0.109375,0.0225694444444444,0.0295138888888888,0.0902777777777777,0.046875,0.0173611111111111,0.0607638888888888,0.0555555555555555,0.0381944444444444,0.0520833333333333,0.0798611111111111,0.0503472222222222,0.078125,0.0138888888888888,0.0086805555555555,0
0.0896551724137931,0.012807881773399,0.0522167487684729,0.0541871921182266,0.0354679802955665,0.0847290640394088,0.0216748768472906,0.0394088669950738,0.0522167487684729,0.0807881773399014,0.0266009852216748,0.0669950738916256,0.0502463054187192,0.0374384236453202,0.0492610837438423,0.0561576354679803,0.0610837438423645,0.0620689655172413,0.0266009852216748,0.0394088669950738,0
0.1732283464566929,0.0,0.0472440944881889,0.0472440944881889,0.0157480314960629,0.0866141732283464,0.0393700787401574,0.0472440944881889,0.0551181102362204,0.0708661417322834,0.0078740157480314,0.0393700787401574,0.0157480314960629,0.0236220472440944,0.1259842519685039,0.0393700787401574,0.0393700787401574,0.1102362204724409,0.0,0.0157480314960629,1
0.0619047619047619,0.0,0.0666666666666666,0.0714285714285714,0.0380952380952381,0.0428571428571428,0.0238095238095238,0.0666666666666666,0.119047619047619,0.1142857142857142,0.0238095238095238,0.0523809523809523,0.0238095238095238,0.019047619047619,0.0333333333333333,0.0476190476190476,0.0523809523809523,0.0761904761904762,0.0047619047619047,0.0619047619047619,0
0.1057401812688821,0.0090634441087613,0.0755287009063444,0.0453172205438066,0.0332326283987915,0.0906344410876132,0.0181268882175226,0.0604229607250755,0.0815709969788519,0.0604229607250755,0.0241691842900302,0.0543806646525679,0.0271903323262839,0.0151057401812688,0.0362537764350453,0.0453172205438066,0.0815709969788519,0.1027190332326284,0.0090634441087613,0.0241691842900302,0
0.1293260473588342,0.0072859744990892,0.0673952641165755,0.0491803278688524,0.0382513661202185,0.0837887067395264,0.0400728597449908,0.0455373406193078,0.0418943533697632,0.1020036429872495,0.0273224043715847,0.0273224043715847,0.0473588342440801,0.0273224043715847,0.0601092896174863,0.0491803278688524,0.052823315118397,0.0710382513661202,0.0163934426229508,0.0163934426229508,0
0.0648567119155354,0.0165912518853695,0.0648567119155354,0.0603318250377073,0.0422322775263951,0.0889894419306184,0.0346907993966817,0.0497737556561085,0.057315233785822,0.0739064856711915,0.0241327300150829,0.0467571644042232,0.0663650075414781,0.0226244343891402,0.0497737556561085,0.0678733031674208,0.0558069381598793,0.0542986425339366,0.0135746606334841,0.0452488687782805,0
0.0712166172106825,0.0089020771513353,0.0682492581602373,0.0741839762611275,0.0326409495548961,0.0534124629080118,0.0445103857566765,0.0474777448071216,0.0445103857566765,0.1394658753709199,0.0059347181008902,0.029673590504451,0.0534124629080118,0.0682492581602373,0.0712166172106825,0.0445103857566765,0.0415430267062314,0.0563798219584569,0.0059347181008902,0.0385756676557863,0
0.0555555555555555,0.074074074074074,0.1296296296296296,0.1111111111111111,0.037037037037037,0.0925925925925925,0.0,0.074074074074074,0.0925925925925925,0.037037037037037,0.0185185185185185,0.0185185185185185,0.0925925925925925,0.0,0.0,0.037037037037037,0.0185185185185185,0.037037037037037,0.037037037037037,0.037037037037037,0
0.0642201834862385,0.0091743119266055,0.0605504587155963,0.0807339449541284,0.0238532110091743,0.0495412844036697,0.0146788990825688,0.055045871559633,0.0862385321100917,0.0788990825688073,0.0311926605504587,0.0568807339449541,0.0788990825688073,0.0385321100917431,0.036697247706422,0.0697247706422018,0.0715596330275229,0.0605504587155963,0.0073394495412844,0.0256880733944954,0
0.092378752886836,0.0161662817551963,0.0508083140877598,0.0554272517321016,0.0323325635103926,0.0646651270207852,0.0254041570438799,0.0323325635103926,0.046189376443418,0.115473441108545,0.0277136258660508,0.0323325635103926,0.0508083140877598,0.0623556581986143,0.0715935334872979,0.0623556581986143,0.0484988452655889,0.0831408775981524,0.0092378752886836,0.0207852193995381,1
0.0407523510971786,0.012539184952978,0.0595611285266457,0.0877742946708464,0.0470219435736677,0.0250783699059561,0.0250783699059561,0.0470219435736677,0.0595611285266457,0.1128526645768025,0.0282131661442006,0.0407523510971786,0.0658307210031347,0.0282131661442006,0.0658307210031347,0.1253918495297805,0.0282131661442006,0.0721003134796238,0.006269592476489,0.0219435736677116,0
0.0532544378698224,0.0138067061143984,0.0414201183431952,0.1143984220907297,0.0473372781065088,0.0690335305719921,0.019723865877712,0.0532544378698224,0.0433925049309664,0.0986193293885601,0.019723865877712,0.0473372781065088,0.0611439842209073,0.0335305719921104,0.0808678500986193,0.0414201183431952,0.0414201183431952,0.0710059171597633,0.0216962524654832,0.0276134122287968,0
0.0581395348837209,0.0,0.0697674418604651,0.1240310077519379,0.0465116279069767,0.0620155038759689,0.0077519379844961,0.0620155038759689,0.1007751937984496,0.0852713178294573,0.0426356589147286,0.0271317829457364,0.0271317829457364,0.0116279069767441,0.0581395348837209,0.0348837209302325,0.0348837209302325,0.0813953488372093,0.003875968992248,0.0620155038759689,0
0.091358024691358,0.0148148148148148,0.0543209876543209,0.0617283950617283,0.019753086419753,0.0864197530864197,0.0345679012345679,0.1061728395061728,0.0395061728395061,0.1135802469135802,0.0148148148148148,0.0320987654320987,0.037037037037037,0.0641975308641975,0.0444444444444444,0.0469135802469135,0.0395061728395061,0.0641975308641975,0.0049382716049382,0.0296296296296296,0
0.0465116279069767,0.0290697674418604,0.0465116279069767,0.0697674418604651,0.0523255813953488,0.0348837209302325,0.0232558139534883,0.1220930232558139,0.0755813953488372,0.0872093023255814,0.0174418604651162,0.1162790697674418,0.0406976744186046,0.0116279069767441,0.0174418604651162,0.063953488372093,0.0406976744186046,0.0581395348837209,0.005813953488372,0.0406976744186046,0
0.0342857142857142,0.0285714285714285,0.04,0.08,0.0628571428571428,0.0685714285714285,0.0,0.0742857142857142,0.0742857142857142,0.08,0.0285714285714285,0.0571428571428571,0.0285714285714285,0.0628571428571428,0.0342857142857142,0.0514285714285714,0.0514285714285714,0.0857142857142857,0.0228571428571428,0.0342857142857142,0
0.1736111111111111,0.0138888888888888,0.0578703703703703,0.0416666666666666,0.0347222222222222,0.1087962962962963,0.0185185185185185,0.037037037037037,0.0162037037037037,0.1180555555555555,0.011574074074074,0.0231481481481481,0.0486111111111111,0.037037037037037,0.0694444444444444,0.0416666666666666,0.0555555555555555,0.0810185185185185,0.0046296296296296,0.0069444444444444,0
0.1022044088176352,0.0080160320641282,0.0621242484969939,0.0300601202404809,0.0400801603206412,0.0861723446893787,0.0160320641282565,0.0420841683366733,0.0420841683366733,0.0781563126252505,0.0220440881763527,0.0521042084168336,0.0521042084168336,0.0541082164328657,0.0400801603206412,0.0581162324649298,0.0621242484969939,0.0601202404809619,0.0240480961923847,0.0681362725450901,0
0.1275045537340619,0.0182149362477231,0.0255009107468123,0.0273224043715847,0.0072859744990892,0.0837887067395264,0.1020036429872495,0.0255009107468123,0.0200364298724954,0.0510018214936247,0.02367941712204,0.0346083788706739,0.0837887067395264,0.0418943533697632,0.0473588342440801,0.1384335154826958,0.0692167577413479,0.0455373406193078,0.0036429872495446,0.02367941712204,0
0.0424528301886792,0.0094339622641509,0.0660377358490566,0.0330188679245283,0.0660377358490566,0.1462264150943396,0.0235849056603773,0.070754716981132,0.0754716981132075,0.0660377358490566,0.0188679245283018,0.0283018867924528,0.0471698113207547,0.0141509433962264,0.0330188679245283,0.0471698113207547,0.070754716981132,0.1084905660377358,0.0141509433962264,0.0188679245283018,0
0.0818181818181818,0.003030303030303,0.0727272727272727,0.0666666666666666,0.0363636363636363,0.0757575757575757,0.0242424242424242,0.0727272727272727,0.0181818181818181,0.0818181818181818,0.0121212121212121,0.0242424242424242,0.0606060606060606,0.0303030303030303,0.0606060606060606,0.0727272727272727,0.0606060606060606,0.0909090909090909,0.0181818181818181,0.0363636363636363,0
0.0705307262569832,0.0006983240223463,0.0782122905027933,0.0446927374301676,0.0321229050279329,0.0712290502793296,0.0104748603351955,0.074022346368715,0.0642458100558659,0.0572625698324022,0.0181564245810055,0.0886871508379888,0.0349162011173184,0.0384078212290502,0.0181564245810055,0.0761173184357541,0.0810055865921787,0.0789106145251396,0.0195530726256983,0.0425977653631284,0
0.048076923076923,0.0192307692307692,0.0865384615384615,0.0576923076923076,0.048076923076923,0.0625,0.048076923076923,0.0769230769230769,0.0865384615384615,0.110576923076923,0.0240384615384615,0.0384615384615384,0.0432692307692307,0.0432692307692307,0.0528846153846153,0.0336538461538461,0.0336538461538461,0.0336538461538461,0.0048076923076923,0.048076923076923,0
0.1065088757396449,0.0019723865877712,0.0374753451676528,0.0848126232741617,0.0236686390532544,0.0769230769230769,0.0059171597633136,0.0808678500986193,0.039447731755424,0.0986193293885601,0.0256410256410256,0.029585798816568,0.0335305719921104,0.0650887573964497,0.0611439842209073,0.059171597633136,0.0611439842209073,0.0729783037475345,0.0,0.0355029585798816,0
0.0634328358208955,0.0111940298507462,0.0559701492537313,0.0559701492537313,0.0522388059701492,0.1902985074626865,0.0149253731343283,0.0559701492537313,0.0335820895522388,0.0820895522388059,0.0373134328358208,0.0522388059701492,0.0261194029850746,0.0335820895522388,0.0485074626865671,0.0634328358208955,0.044776119402985,0.0410447761194029,0.0111940298507462,0.0261194029850746,0
0.0136986301369863,0.0136986301369863,0.0821917808219178,0.0684931506849315,0.0136986301369863,0.0684931506849315,0.0273972602739726,0.0547945205479452,0.1095890410958904,0.136986301369863,0.0136986301369863,0.0410958904109589,0.0136986301369863,0.0547945205479452,0.0273972602739726,0.0547945205479452,0.0273972602739726,0.136986301369863,0.0,0.0410958904109589,0
0.065891472868217,0.0232558139534883,0.0426356589147286,0.0542635658914728,0.0193798449612403,0.0620155038759689,0.0310077519379844,0.0348837209302325,0.0503875968992248,0.0930232558139534,0.0155038759689922,0.0232558139534883,0.1201550387596899,0.0542635658914728,0.0813953488372093,0.0620155038759689,0.0465116279069767,0.0581395348837209,0.0193798449612403,0.0426356589147286,0
0.0966850828729281,0.005524861878453,0.0386740331491712,0.074585635359116,0.0441988950276243,0.0828729281767955,0.0220994475138121,0.0414364640883977,0.0497237569060773,0.0911602209944751,0.0359116022099447,0.0497237569060773,0.0386740331491712,0.0469613259668508,0.0441988950276243,0.0773480662983425,0.0414364640883977,0.0690607734806629,0.005524861878453,0.0441988950276243,0
0.1133603238866396,0.0040485829959514,0.1133603238866396,0.0850202429149797,0.020242914979757,0.0647773279352226,0.0242914979757085,0.0809716599190283,0.0283400809716599,0.1214574898785425,0.0283400809716599,0.0242914979757085,0.0364372469635627,0.0121457489878542,0.0445344129554655,0.0607287449392712,0.048582995951417,0.068825910931174,0.0,0.020242914979757,0
0.0648148148148148,0.0092592592592592,0.0694444444444444,0.0694444444444444,0.0462962962962962,0.0601851851851851,0.0462962962962962,0.0555555555555555,0.0879629629629629,0.0601851851851851,0.0277777777777777,0.037037037037037,0.0416666666666666,0.0416666666666666,0.0231481481481481,0.0787037037037037,0.0416666666666666,0.0601851851851851,0.0138888888888888,0.0648148148148148,0
0.0966981132075471,0.0070754716981132,0.0754716981132075,0.0613207547169811,0.0306603773584905,0.0731132075471698,0.0424528301886792,0.0966981132075471,0.0613207547169811,0.0683962264150943,0.0283018867924528,0.0448113207547169,0.0400943396226415,0.0235849056603773,0.0377358490566037,0.0613207547169811,0.0518867924528301,0.0731132075471698,0.0023584905660377,0.0235849056603773,0
0.134453781512605,0.0,0.0588235294117647,0.0588235294117647,0.0168067226890756,0.0672268907563025,0.0252100840336134,0.0756302521008403,0.1260504201680672,0.0672268907563025,0.0084033613445378,0.042016806722689,0.0084033613445378,0.0168067226890756,0.0756302521008403,0.0588235294117647,0.0588235294117647,0.0672268907563025,0.0,0.0336134453781512,1
0.0649895178197065,0.0188679245283018,0.0461215932914046,0.0587002096436058,0.0482180293501048,0.0649895178197065,0.0335429769392033,0.0482180293501048,0.0691823899371069,0.0880503144654088,0.0188679245283018,0.0440251572327044,0.0398322851153039,0.0356394129979035,0.0440251572327044,0.090146750524109,0.0670859538784067,0.0775681341719077,0.0083857442348008,0.0335429769392033,0
0.0635696821515892,0.0195599022004889,0.0831295843520782,0.0611246943765281,0.0513447432762836,0.0244498777506112,0.0220048899755501,0.0537897310513447,0.0880195599022004,0.0953545232273838,0.0220048899755501,0.0513447432762836,0.0537897310513447,0.0391198044009779,0.0611246943765281,0.0709046454767726,0.0391198044009779,0.0464547677261613,0.0171149144254278,0.0366748166259168,0
0.1203007518796992,0.0,0.0300751879699248,0.0977443609022556,0.037593984962406,0.0977443609022556,0.037593984962406,0.0075187969924812,0.037593984962406,0.0601503759398496,0.037593984962406,0.0075187969924812,0.0827067669172932,0.0075187969924812,0.0827067669172932,0.0150375939849624,0.0526315789473684,0.150375939849624,0.0150375939849624,0.0225563909774436,0
0.0441176470588235,0.0088235294117647,0.0676470588235294,0.0794117647058823,0.0588235294117647,0.1088235294117647,0.0176470588235294,0.0647058823529411,0.0823529411764705,0.0529411764705882,0.0205882352941176,0.0352941176470588,0.0764705882352941,0.0235294117647058,0.0764705882352941,0.0529411764705882,0.05,0.05,0.0029411764705882,0.0264705882352941,0
0.1326781326781326,0.0,0.0565110565110565,0.0466830466830466,0.0196560196560196,0.0933660933660933,0.0196560196560196,0.0466830466830466,0.0343980343980344,0.1105651105651105,0.0343980343980344,0.0122850122850122,0.0589680589680589,0.0294840294840294,0.0663390663390663,0.054054054054054,0.0515970515970515,0.0786240786240786,0.0294840294840294,0.0245700245700245,0
0.0591259640102827,0.0154241645244215,0.0437017994858611,0.0539845758354755,0.0488431876606683,0.0488431876606683,0.0437017994858611,0.0411311053984575,0.0642673521850899,0.0565552699228791,0.0231362467866323,0.0462724935732647,0.0591259640102827,0.0488431876606683,0.0694087403598971,0.1208226221079691,0.0925449871465295,0.0462724935732647,0.0102827763496143,0.0077120822622107,0
0.1006711409395973,0.0100671140939597,0.0369127516778523,0.0738255033557047,0.0335570469798657,0.0939597315436241,0.023489932885906,0.087248322147651,0.0771812080536912,0.1040268456375839,0.0201342281879194,0.046979865771812,0.0302013422818791,0.0436241610738255,0.023489932885906,0.046979865771812,0.0637583892617449,0.0536912751677852,0.0,0.0302013422818791,0
0.0758620689655172,0.0068965517241379,0.0827586206896551,0.096551724137931,0.0344827586206896,0.0896551724137931,0.0068965517241379,0.0620689655172413,0.0551724137931034,0.0551724137931034,0.0206896551724137,0.0413793103448275,0.0275862068965517,0.0275862068965517,0.0827586206896551,0.0413793103448275,0.0482758620689655,0.1034482758620689,0.0068965517241379,0.0344827586206896,1
0.0691823899371069,0.0293501048218029,0.0335429769392033,0.0377358490566037,0.060796645702306,0.0691823899371069,0.0314465408805031,0.0293501048218029,0.0377358490566037,0.1446540880503144,0.0188679245283018,0.0314465408805031,0.0566037735849056,0.0482180293501048,0.0566037735849056,0.0712788259958071,0.0377358490566037,0.0754716981132075,0.0335429769392033,0.0272536687631027,0
0.0953846153846153,0.003076923076923,0.0461538461538461,0.0461538461538461,0.04,0.0492307692307692,0.0215384615384615,0.0769230769230769,0.0307692307692307,0.1107692307692307,0.0153846153846153,0.0307692307692307,0.0461538461538461,0.0923076923076923,0.0492307692307692,0.0707692307692307,0.0646153846153846,0.0769230769230769,0.0184615384615384,0.0153846153846153,0
0.1077844311377245,0.0239520958083832,0.0508982035928143,0.0389221556886227,0.029940119760479,0.0688622754491018,0.029940119760479,0.0239520958083832,0.0209580838323353,0.0808383233532934,0.0149700598802395,0.029940119760479,0.1197604790419161,0.0179640718562874,0.0988023952095808,0.0808383233532934,0.059880239520958,0.0658682634730539,0.0209580838323353,0.0149700598802395,0
0.0751113940165499,0.0222788033099936,0.044239338001273,0.0646085295989815,0.0302355187778485,0.044239338001273,0.0283259070655633,0.047422024188415,0.0394653087205601,0.1330362826225334,0.0210057288351368,0.0286441756842775,0.0598345003182686,0.057288351368555,0.049013367281986,0.0973901973265436,0.0541056651814131,0.0738383195416931,0.0101845957988542,0.01973265436028,0
0.0596330275229357,0.0137614678899082,0.036697247706422,0.0688073394495412,0.0275229357798165,0.0779816513761468,0.0091743119266055,0.1422018348623853,0.091743119266055,0.0688073394495412,0.018348623853211,0.0458715596330275,0.0321100917431192,0.0688073394495412,0.0688073394495412,0.0321100917431192,0.0458715596330275,0.0458715596330275,0.0137614678899082,0.0321100917431192,1
0.0707395498392283,0.0289389067524115,0.0353697749196141,0.0643086816720257,0.022508038585209,0.0836012861736334,0.0321543408360128,0.067524115755627,0.0257234726688102,0.0739549839228295,0.0160771704180064,0.090032154340836,0.0353697749196141,0.0192926045016077,0.0643086816720257,0.067524115755627,0.0739549839228295,0.0771704180064308,0.0160771704180064,0.0353697749196141,0
0.0552995391705069,0.0092165898617511,0.0829493087557603,0.064516129032258,0.0783410138248847,0.0691244239631336,0.0276497695852534,0.0414746543778801,0.0737327188940092,0.064516129032258,0.0230414746543778,0.0599078341013824,0.0506912442396313,0.0506912442396313,0.0552995391705069,0.0506912442396313,0.0230414746543778,0.064516129032258,0.0230414746543778,0.032258064516129,0
0.1185770750988142,0.0355731225296442,0.0632411067193675,0.0395256916996047,0.0,0.0948616600790513,0.0434782608695652,0.0237154150197628,0.0237154150197628,0.1225296442687747,0.0118577075098814,0.0197628458498023,0.0632411067193675,0.0316205533596837,0.0830039525691699,0.0632411067193675,0.0316205533596837,0.0948616600790513,0.0197628458498023,0.0158102766798418,0
0.144578313253012,0.0060240963855421,0.0481927710843373,0.0783132530120482,0.0542168674698795,0.0240963855421686,0.0240963855421686,0.0301204819277108,0.0963855421686747,0.0963855421686747,0.0421686746987951,0.0301204819277108,0.036144578313253,0.0240963855421686,0.0301204819277108,0.072289156626506,0.0421686746987951,0.0903614457831325,0.0180722891566265,0.0120481927710843,0
0.1527093596059113,0.0098522167487684,0.0689655172413793,0.083743842364532,0.0394088669950738,0.083743842364532,0.0197044334975369,0.0147783251231527,0.0394088669950738,0.1083743842364532,0.0197044334975369,0.0098522167487684,0.0443349753694581,0.0295566502463054,0.0738916256157635,0.0492610837438423,0.0394088669950738,0.0443349753694581,0.0197044334975369,0.0492610837438423,0
0.1070063694267516,0.0025477707006369,0.0356687898089171,0.1095541401273885,0.0484076433121019,0.0904458598726114,0.021656050955414,0.0203821656050955,0.0229299363057324,0.1464968152866242,0.0101910828025477,0.0114649681528662,0.0917197452229299,0.019108280254777,0.0955414012738853,0.0292993630573248,0.0292993630573248,0.0802547770700636,0.0063694267515923,0.021656050955414,1
0.0618279569892473,0.0241935483870967,0.0456989247311828,0.0887096774193548,0.053763440860215,0.0591397849462365,0.0241935483870967,0.0672043010752688,0.0725806451612903,0.1209677419354838,0.0188172043010752,0.0483870967741935,0.043010752688172,0.0268817204301075,0.0376344086021505,0.075268817204301,0.0295698924731182,0.064516129032258,0.0026881720430107,0.0349462365591397,0
0.1077283372365339,0.0,0.0749414519906323,0.0374707259953161,0.0538641686182669,0.1100702576112412,0.0070257611241217,0.0304449648711943,0.0538641686182669,0.0936768149882904,0.0046838407494145,0.0866510538641686,0.0070257611241217,0.0327868852459016,0.0210772833723653,0.063231850117096,0.0655737704918032,0.0796252927400468,0.0117096018735363,0.0585480093676815,0
0.0822784810126582,0.0126582278481012,0.0316455696202531,0.0822784810126582,0.0537974683544303,0.060126582278481,0.0221518987341772,0.050632911392405,0.0348101265822784,0.0759493670886076,0.0253164556962025,0.0158227848101265,0.0632911392405063,0.0379746835443038,0.0569620253164556,0.060126582278481,0.050632911392405,0.1075949367088607,0.0253164556962025,0.050632911392405,0
0.1895043731778425,0.0116618075801749,0.0495626822157434,0.0874635568513119,0.032069970845481,0.0699708454810495,0.0262390670553935,0.0437317784256559,0.0408163265306122,0.0583090379008746,0.0174927113702623,0.0087463556851311,0.075801749271137,0.0233236151603498,0.0670553935860058,0.0583090379008746,0.0408163265306122,0.0787172011661807,0.0116618075801749,0.0087463556851311,0
0.0747422680412371,0.0154639175257731,0.0541237113402061,0.0850515463917525,0.0463917525773195,0.0412371134020618,0.0412371134020618,0.056701030927835,0.0592783505154639,0.1056701030927835,0.0103092783505154,0.0515463917525773,0.0438144329896907,0.0489690721649484,0.0283505154639175,0.056701030927835,0.0438144329896907,0.0773195876288659,0.0154639175257731,0.0438144329896907,0
0.0866310160427807,0.0128342245989304,0.0491978609625668,0.0652406417112299,0.0331550802139037,0.0834224598930481,0.0224598930481283,0.0716577540106951,0.0663101604278074,0.095187165775401,0.0213903743315508,0.0406417112299465,0.0577540106951871,0.0331550802139037,0.0459893048128342,0.0459893048128342,0.067379679144385,0.0791443850267379,0.0053475935828877,0.0171122994652406,0
0.0847457627118644,0.0056497175141242,0.0451977401129943,0.0903954802259887,0.0338983050847457,0.096045197740113,0.03954802259887,0.0790960451977401,0.03954802259887,0.1242937853107344,0.0169491525423728,0.0056497175141242,0.0621468926553672,0.0451977401129943,0.0508474576271186,0.0112994350282485,0.0734463276836158,0.0790960451977401,0.0,0.0169491525423728,0
0.1101694915254237,0.0084745762711864,0.0423728813559322,0.0508474576271186,0.0084745762711864,0.059322033898305,0.0847457627118644,0.059322033898305,0.0169491525423728,0.135593220338983,0.0423728813559322,0.0254237288135593,0.0423728813559322,0.059322033898305,0.0338983050847457,0.0677966101694915,0.0847457627118644,0.0423728813559322,0.0084745762711864,0.0169491525423728,0
0.0921052631578947,0.0263157894736842,0.0526315789473684,0.0350877192982456,0.043859649122807,0.1008771929824561,0.0043859649122807,0.0394736842105263,0.0131578947368421,0.087719298245614,0.0219298245614035,0.0614035087719298,0.0526315789473684,0.0701754385964912,0.0350877192982456,0.0789473684210526,0.0701754385964912,0.0394736842105263,0.0263157894736842,0.0482456140350877,0
0.0858524788391777,0.0048367593712212,0.0894800483675937,0.0725513905683192,0.0399032648125755,0.0350665054413542,0.022974607013301,0.0459492140266021,0.0519951632406287,0.0616686819830713,0.0181378476420798,0.0785973397823458,0.05683192261185,0.0362756952841596,0.0544135429262394,0.087061668681983,0.0737605804111245,0.0519951632406287,0.0024183796856106,0.030229746070133,0
0.0719424460431654,0.0215827338129496,0.0359712230215827,0.0287769784172661,0.0287769784172661,0.0935251798561151,0.014388489208633,0.0215827338129496,0.0647482014388489,0.0719424460431654,0.0287769784172661,0.014388489208633,0.0359712230215827,0.0503597122302158,0.0287769784172661,0.1294964028776978,0.0863309352517985,0.0575539568345323,0.0359712230215827,0.079136690647482,0
0.0318471337579617,0.0127388535031847,0.0764331210191082,0.1337579617834395,0.0573248407643312,0.0764331210191082,0.0,0.0955414012738853,0.0700636942675159,0.0509554140127388,0.0127388535031847,0.0764331210191082,0.0382165605095541,0.0382165605095541,0.019108280254777,0.0700636942675159,0.0509554140127388,0.0509554140127388,0.0063694267515923,0.0318471337579617,0
0.1511627906976744,0.0,0.0436046511627907,0.0813953488372093,0.0319767441860465,0.1162790697674418,0.0232558139534883,0.0087209302325581,0.0319767441860465,0.1308139534883721,0.0174418604651162,0.0116279069767441,0.0755813953488372,0.0145348837209302,0.0872093023255814,0.0290697674418604,0.0261627906976744,0.0813953488372093,0.0203488372093023,0.0174418604651162,0
0.1008064516129032,0.0161290322580645,0.0725806451612903,0.0403225806451612,0.032258064516129,0.0766129032258064,0.0362903225806451,0.0403225806451612,0.0362903225806451,0.0927419354838709,0.0161290322580645,0.0604838709677419,0.0483870967741935,0.0362903225806451,0.0483870967741935,0.0604838709677419,0.0846774193548387,0.0564516129032258,0.0080645161290322,0.0362903225806451,0
0.1385390428211587,0.0025188916876574,0.0654911838790932,0.0680100755667506,0.035264483627204,0.0931989924433249,0.0075566750629722,0.0327455919395466,0.0302267002518891,0.1133501259445843,0.0100755667506297,0.0075566750629722,0.0579345088161209,0.0100755667506297,0.0604534005037783,0.0629722921914357,0.08816120906801,0.0982367758186398,0.0050377833753148,0.0125944584382871,0
0.0806317539484621,0.0241064006650041,0.0415627597672485,0.0648379052369077,0.0390689941812136,0.0773067331670823,0.0207813798836242,0.0315876974231088,0.0307564422277639,0.1064006650041562,0.0141313383208645,0.0232751454696591,0.0889443059019119,0.0590191188694929,0.0739817123857024,0.0673316708229426,0.0532003325020781,0.0606816292601828,0.0174563591022443,0.0249376558603491,0
0.0493827160493827,0.0082304526748971,0.0411522633744856,0.0329218106995884,0.0493827160493827,0.0946502057613168,0.0164609053497942,0.0288065843621399,0.0493827160493827,0.074074074074074,0.037037037037037,0.0864197530864197,0.037037037037037,0.0329218106995884,0.0329218106995884,0.0823045267489712,0.0905349794238683,0.0576131687242798,0.0329218106995884,0.0658436213991769,0
0.1101321585903083,0.0220264317180616,0.0484581497797356,0.092511013215859,0.039647577092511,0.0748898678414096,0.0176211453744493,0.039647577092511,0.026431718061674,0.1013215859030837,0.0176211453744493,0.0220264317180616,0.0484581497797356,0.0440528634361233,0.0881057268722467,0.0440528634361233,0.0308370044052863,0.0837004405286343,0.0308370044052863,0.0176211453744493,0
0.0325581395348837,0.027906976744186,0.0372093023255813,0.0465116279069767,0.013953488372093,0.0883720930232558,0.0372093023255813,0.1116279069767441,0.0651162790697674,0.0604651162790697,0.0372093023255813,0.1116279069767441,0.0232558139534883,0.0186046511627906,0.0232558139534883,0.0697674418604651,0.0744186046511627,0.0744186046511627,0.0093023255813953,0.0372093023255813,0
0.066334991708126,0.0215588723051409,0.0480928689883913,0.0696517412935323,0.0381426202321724,0.0563847429519071,0.0265339966832504,0.0514096185737976,0.066334991708126,0.1177446102819237,0.0165837479270315,0.0364842454394693,0.0630182421227197,0.0215588723051409,0.0762852404643449,0.0713101160862354,0.0464344941956882,0.0613598673300165,0.0066334991708126,0.0381426202321724,0
0.1263940520446096,0.0037174721189591,0.0483271375464684,0.0594795539033457,0.0297397769516728,0.1003717472118959,0.0148698884758364,0.070631970260223,0.037174721189591,0.1003717472118959,0.037174721189591,0.0297397769516728,0.0408921933085501,0.037174721189591,0.0446096654275092,0.0631970260223048,0.0557620817843866,0.0631970260223048,0.0148698884758364,0.0223048327137546,0
0.0692717584369449,0.0159857904085257,0.0355239786856127,0.0479573712255772,0.0461811722912966,0.0941385435168739,0.0337477797513321,0.0248667850799289,0.0142095914742451,0.1119005328596802,0.0088809946714031,0.0301953818827708,0.0781527531083481,0.0568383658969804,0.0515097690941385,0.103019538188277,0.0550621669626998,0.0728241563055062,0.0177619893428063,0.0319715808170515,0
0.10625,0.021875,0.05,0.0625,0.0375,0.0625,0.025,0.075,0.034375,0.0625,0.01875,0.071875,0.028125,0.05,0.05625,0.06875,0.034375,0.05625,0.0125,0.065625,0
0.0513245033112582,0.021523178807947,0.043046357615894,0.0596026490066225,0.0629139072847682,0.0612582781456953,0.0314569536423841,0.0562913907284768,0.0562913907284768,0.0943708609271523,0.0248344370860927,0.0480132450331125,0.0662251655629139,0.0513245033112582,0.0447019867549668,0.0579470198675496,0.0562913907284768,0.0579470198675496,0.009933774834437,0.0447019867549668,0
0.0690978886756238,0.0230326295585412,0.0614203454894433,0.0710172744721689,0.0518234165067178,0.0595009596928982,0.0230326295585412,0.0518234165067178,0.0575815738963531,0.0998080614203454,0.0268714011516314,0.055662188099808,0.0537428023032629,0.0268714011516314,0.0518234165067178,0.0652591170825335,0.0537428023032629,0.055662188099808,0.0076775431861804,0.0345489443378119,0
0.0931458699472759,0.0052724077328646,0.0667838312829525,0.0615114235500878,0.0351493848857645,0.0984182776801406,0.0333919156414762,0.0826010544815465,0.070298769771529,0.0544815465729349,0.031634446397188,0.0492091388400703,0.0386643233743409,0.0281195079086115,0.0298769771528998,0.0509666080843585,0.0773286467486819,0.0579964850615114,0.0070298769771528,0.0281195079086115,0
0.0789473684210526,0.0101214574898785,0.0748987854251012,0.082995951417004,0.0425101214574898,0.0546558704453441,0.020242914979757,0.0546558704453441,0.0668016194331983,0.0910931174089068,0.0263157894736842,0.0465587044534413,0.0303643724696356,0.034412955465587,0.048582995951417,0.0404858299595141,0.0647773279352226,0.0668016194331983,0.0141700404858299,0.0506072874493927,0
0.0728744939271255,0.0040485829959514,0.0647773279352226,0.0445344129554655,0.0566801619433198,0.0607287449392712,0.0080971659919028,0.0566801619433198,0.0364372469635627,0.068825910931174,0.0080971659919028,0.0607287449392712,0.048582995951417,0.0404858299595141,0.0323886639676113,0.1133603238866396,0.0850202429149797,0.0769230769230769,0.0242914979757085,0.0364372469635627,0
0.0666666666666666,0.0144927536231884,0.0521739130434782,0.0608695652173913,0.0434782608695652,0.0956521739130434,0.0231884057971014,0.0521739130434782,0.0666666666666666,0.0753623188405797,0.0347826086956521,0.0376811594202898,0.0434782608695652,0.0318840579710144,0.0289855072463768,0.0550724637681159,0.0550724637681159,0.0985507246376811,0.0057971014492753,0.0579710144927536,0
0.0691964285714285,0.0357142857142857,0.1138392857142857,0.0446428571428571,0.0379464285714285,0.1160714285714285,0.0178571428571428,0.0379464285714285,0.0290178571428571,0.0535714285714285,0.0245535714285714,0.0491071428571428,0.03125,0.03125,0.0200892857142857,0.0803571428571428,0.0870535714285714,0.0535714285714285,0.0200892857142857,0.046875,0
0.0923566878980891,0.0,0.0414012738853503,0.0987261146496815,0.0159235668789808,0.1178343949044586,0.0159235668789808,0.0764331210191082,0.0796178343949044,0.0636942675159235,0.0318471337579617,0.0254777070063694,0.0414012738853503,0.0445859872611464,0.054140127388535,0.0222929936305732,0.0414012738853503,0.0923566878980891,0.0159235668789808,0.0286624203821656,0
0.0704041720990873,0.0169491525423728,0.0482398956975228,0.0573663624511082,0.0469361147327249,0.0691003911342894,0.0234680573663624,0.059973924380704,0.0352020860495436,0.1264667535853976,0.0352020860495436,0.0338983050847457,0.0482398956975228,0.0495436766623207,0.0638852672750977,0.0482398956975228,0.0469361147327249,0.0625814863102998,0.0208604954367666,0.0365058670143415,0
0.1271676300578034,0.0,0.0606936416184971,0.0404624277456647,0.0289017341040462,0.0809248554913294,0.0115606936416184,0.0722543352601156,0.0751445086705202,0.0953757225433526,0.0346820809248554,0.0404624277456647,0.0578034682080924,0.0375722543352601,0.0115606936416184,0.0578034682080924,0.0491329479768786,0.0867052023121387,0.0144508670520231,0.0173410404624277,0
0.0707070707070707,0.0012626262626262,0.0366161616161616,0.0454545454545454,0.0681818181818181,0.0871212121212121,0.0189393939393939,0.0782828282828282,0.0492424242424242,0.1123737373737373,0.0303030303030303,0.0328282828282828,0.0353535353535353,0.0366161616161616,0.0353535353535353,0.0454545454545454,0.0467171717171717,0.0833333333333333,0.0366161616161616,0.0492424242424242,0
0.0864661654135338,0.0037593984962406,0.0639097744360902,0.056390977443609,0.037593984962406,0.0789473684210526,0.0112781954887218,0.0676691729323308,0.093984962406015,0.0789473684210526,0.018796992481203,0.0300751879699248,0.0789473684210526,0.018796992481203,0.0263157894736842,0.0789473684210526,0.0488721804511278,0.0676691729323308,0.0112781954887218,0.0413533834586466,0
0.0666666666666666,0.0076923076923076,0.0512820512820512,0.0846153846153846,0.0564102564102564,0.0948717948717948,0.0384615384615384,0.0589743589743589,0.0564102564102564,0.082051282051282,0.0205128205128205,0.041025641025641,0.0461538461538461,0.0205128205128205,0.0358974358974358,0.0692307692307692,0.0564102564102564,0.0666666666666666,0.0076923076923076,0.0384615384615384,0
0.0678336980306345,0.0131291028446389,0.0634573304157549,0.0787746170678337,0.0547045951859956,0.074398249452954,0.024070021881838,0.0459518599562363,0.0328227571115973,0.0700218818380744,0.0328227571115973,0.0590809628008752,0.0393873085339168,0.0503282275711159,0.0415754923413566,0.0809628008752735,0.0568927789934354,0.0722100656455142,0.0109409190371991,0.0306345733041575,0
0.0657142857142857,0.0228571428571428,0.0742857142857142,0.0771428571428571,0.0485714285714285,0.0542857142857142,0.0257142857142857,0.08,0.0742857142857142,0.0857142857142857,0.0342857142857142,0.04,0.0142857142857142,0.0371428571428571,0.0485714285714285,0.0628571428571428,0.0571428571428571,0.0542857142857142,0.0057142857142857,0.0371428571428571,0
